2147483647C
33299082 7266
4198 1
2574 1
3057 1
2886 1
3784 1
4764 1
4441 1
4795 1
2846 1
2836 1
2895 1
4441 1
2497 1
4846 1
4453 1
2376 1
3051 1
4714 1
4447 1
2807 1
4454 1
2523 1
4451 1
2345 1
2663 1
2824 1
4438 1
2636 1
2687 1
3135 1
4761 1
2641 1
2825 1
2622 1
3149 1
2623 1
4774 1
3073 1
2964 1
3183 1
4919 1
3046 1
2442 1
4365 1
2669 1
3482 1
2938 1
4829 1
3055 1
2659 1
2836 1
3369 1
4001 1
4982 1
3176 1
4808 1
2914 1
3522 1
2978 1
4759 1
2410 1
3064 1
2425 1
4805 1
2706 1
4941 1
3719 1
2364 1
4319 1
2446 1
3053 1
4323 1
3423 1
2482 1
4774 1
4777 1
3318 1
2758 1
3155 1
2640 1
2612 1
4818 1
2362 1
4575 1
4305 1
2882 1
2379 1
2601 1
6119 1
3487 1
2676 1
2400 1
2366 1
3181 1
2451 1
2640 1
3173 1
2720 1
2767 1
2760 1
2375 1
4204 1
2555 1
2641 1
2775 1
4283 1
2590 1
4991 1
4639 1
2374 1
4724 1
2683 1
2389 1
2333 1
2466 1
2649 1
2376 1
2617 1
4407 1
2371 1
4262 1
2370 1
3045 1
4842 1
4563 1
5305 1
2587 1
9403 1
4563 1
4563 1
2345 1
5295 1
2885 1
2613 1
4307 1
4281 1
7194 1
2736 1
2609 1
4397 1
4815 1
4044 1
4511 1
3427 1
4612 1
2370 1
4194 1
2367 1
4533 1
4253 1
2523 1
5031 1
4280 1
4825 1
4289 1
4567 1
2890 1
2371 1
5314 1
3244 1
4043 1
6090 1
2697 1
2697 1
2697 1
2697 1
2697 1
3187 1
2886 1
4830 1
4518 1
5309 1
2645 1
5309 1
4279 1
2635 1
3173 1
2853 1
2556 1
3288 1
2484 1
4099 1
4319 1
4106 1
2466 1
4275 1
3046 1
3037 1
2430 1
2371 1
3845 1
2760 1
6757 1
2866 1
2451 1
2427 1
2572 1
5311 1
6915 1
2601 1
2776 1
4593 1
2452 1
2346 1
4477 1
2457 1
3984 1
2436 1
2910 1
6896 1
2918 1
4405 1
2545 1
3170 1
3327 1
8467 1
3669 1
2359 1
4768 1
2330 1
2854 1
2617 1
9006 1
6695 1
2604 1
4913 1
4634 1
2468 1
37357 1
2875 1
6636 1
4598 1
3167 1
4717 1
4430 1
2355 1
2613 1
2866 1
3374 1
2873 1
2955 1
2445 1
2739 1
4574 1
4763 1
2668 1
3904 1
2373 1
2435 1
2572 1
2992 1
2573 1
2847 1
2789 1
4342 1
2725 1
3180 1
2786 1
2860 1
2846 1
2835 1
5315 1
2397 1
2972 1
4644 1
4491 1
3845 1
2371 1
4456 1
37562 1
2534 1
3025 1
3197 1
2769 1
2613 1
2951 1
4708 1
2583 1
4450 1
3061 1
2530 1
2974 1
4041 1
4321 1
2538 1
3041 1
2611 1
2981 1
2759 1
2579 1
5058 1
2635 1
2644 1
2429 1
2878 1
3028 1
4721 1
4294 1
3088 1
2441 1
6416 1
2487 1
4460 1
4913 1
2571 1
2718 1
3197 1
3137 1
2523 1
4458 1
2990 1
2533 1
2406 1
4961 1
2923 1
2641 1
2934 1
3318 1
2457 1
2741 1
2421 1
2864 1
2541 1
2917 1
2979 1
2606 1
4315 1
2546 1
4543 1
4276 1
2979 1
2562 1
3071 1
3985 1
3345 1
2381 1
2408 1
6751 1
2606 1
4828 1
2801 1
3519 1
4437 1
2524 1
